0
0
0
0
0
0
0
0
0
0
0
0
0
0
0
0
0
0
0
0
0
0
-1
-1
-1
-1
-1
-1
-1
-1
-1
-1
-1
-1
-1
-1
-1
-1
-1
-2
-2
-2
-2
-2
-3
-3
-4
-4
-5
-6
-9
-12
-19
-28
-43
-61
-90
-125
-173
-233
-310
-402
-515
-645
-798
-968
-1158
-1362
-1576
-1798
-2016
-2229
-2419
-2587
-2711
-2794
-2812
-2772
-2649
-2456
-2167
-1803
-1340
-805
-177
512
1279
2090
2958
3846
4768
5687
6617
7520
8413
9261
10081
10842
11561
12212
12812
13338
13809
14202
14536
14793
14989
15106
15164
15142
15061
14902
14684
14390
14037
13612
13130
12580
11975
11307
10589
9815
8995
8127
7219
6271
5291
4280
3244
2189
1117
35
-1055
-2143
-3231
-4306
-5373
-6416
-7442
-8433
-9400
-10323
-11213
-12050
-12849
-13586
-14277
-14900
-15473
-15970
-16413
-16776
-17081
-17301
-17461
-17536
-17548
-17473
-17336
-17113
-16828
-16460
-16033
-15525
-14961
-14322
-13631
-12871
-12064
-11196
-10285
-9323
-8323
-7282
-6210
-5106
-3980
-2831
-1667
-492
690
1872
3053
4223
5384
6523
7646
8735
9801
10822
11814
12752
13654
14493
15291
16018
16698
17301
17853
18322
18737
19066
19337
19518
19641
19672
19644
19525
19346
19077
18750
18335
17864
17309
16701
16016
15280
14473
13621
12705
11749
10737
9691
8599
7479
6323
5145
3943
2725
1493
252
-990
-2234
-3470
-4699
-5909
-7106
-8273
-9420
-10526
-11607
-12637
-13636
-14575
-15477
-16312
-17105
-17824
-18497
-19090
-19634
-20092
-20499
-20816
-21080
-21251
-21369
-21392
-21361
-21235
-21055
-20783
-20456
-20039
-19570
-19014
-18409
-17722
-16988
-16180
-15329
-14410
-13453
-12437
-11389
-10291
-9166
-8001
-6816
-5601
-4372
-3124
-1868
-605
661
1923
3180
4424
5657
6867
8060
9219
10357
11451
12519
13534
14518
15441
16330
17149
17930
18636
19300
19884
20423
20878
21287
21606
21879
22061
22196
22239
22235
22138
21995
21761
21482
21114
20703
20208
19671
19054
18399
17669
16904
16071
15207
14281
13329
12323
11294
10220
9128
8000
6858
5690
4512
3318
2119
914
-292
-1495
-2692
-3878
-5054
-6208
-7348
-8457
-9548
-10599
-11629
-12611
-13567
-14468
-15341
-16152
-16932
-17644
-18323
-18928
-19499
-19992
-20449
-20826
-21165
-21420
-21638
-21771
-21868
-21878
-21852
-21741
-21594
-21363
-21098
-20752
-20373
-19916
-19429
-18867
-18277
-17618
-16934
-16185
-15414
-14586
-13737
-12838
-11922
-10963
-9991
-8982
-7965
-6919
-5868
-4796
-3722
-2637
-1553
-465
618
1696
2767
3825
4872
5899
6912
7897
8866
9799
10714
11586
12438
13241
14022
14748
15451
16093
16711
17264
17792
18252
18686
19049
19385
19649
19885
20048
20184
20246
20281
20242
20177
20039
19877
19642
19384
19056
18707
18290
17854
17354
16837
16259
15667
15019
14357
13646
12924
12158
11382
10568
9747
8895
8038
7155
6270
5366
4462
3545
2631
1711
796
-119
-1027
-1928
-2820
-3699
-4568
-5417
-6254
-7066
-7864
-8631
-9384
-10101
-10802
-11462
-12106
-12703
-13284
-13815
-14329
-14790
-15233
-15620
-15990
-16301
-16594
-16828
-17045
-17200
-17338
-17415
-17476
-17476
-17460
-17383
-17292
-17142
-16978
-16755
-16521
-16230
-15928
-15573
-15207
-14791
-14366
-13893
-13413
-12889
-12359
-11789
-11215
-10605
-9992
-9347
-8702
-8029
-7357
-6663
-5971
-5262
-4556
-3838
-3124
-2404
-1689
-973
-263
445
1144
1837
2520
3192
3854
4500
5136
5751
6355
6936
7505
8045
8574
9072
9557
10008
10447
10848
11238
11587
11925
12220
12505
12746
12976
13162
13337
13466
13586
13660
13725
13744
13755
13720
13677
13589
13495
13356
13211
13023
12830
12596
12358
12080
11799
11481
11160
10805
10448
10059
9670
9251
8833
8388
7945
7479
7015
6531
6050
5553
5060
4554
4053
3542
3036
2524
2018
1509
1007
505
10
-481
-965
-1442
-1912
-2372
-2824
-3264
-3696
-4112
-4521
-4912
-5295
-5659
-6014
-6347
-6673
-6974
-7269
-7537
-7798
-8032
-8259
-8457
-8649
-8811
-8967
-9093
-9213
-9303
-9388
-9441
-9491
-9509
-9523
-9507
-9488
-9439
-9387
-9305
-9222
-9109
-8996
-8854
-8712
-8543
-8374
-8180
-7987
-7769
-7553
-7315
-7079
-6822
-6567
-6294
-6024
-5738
-5455
-5157
-4863
-4557
-4257
-3946
-3641
-3324
-3012
-2686
-2362
-2025
-1693
-1355
-1034
-725
-453
-214
-26
118
209
262
277
274
253
232
209
195
185
183
183
187
189
192
193
194
194
194
194
194
194
194
194
194
194
194
194
194
194
194
194
194
194
194
194
194
194
194
194
194
  
